3.806268978299910177e+00
5.099597367619336019e+00
2.817329513165839128e+00
3.259186325281199004e+00
3.206305228996054968e+00
3.944498736484933321e+00
4.189105526086398079e+00
4.787478286317082166e+00
3.493470239470427785e+00
2.958202780058344139e+00
4.119621933141359271e+00
3.762357540250815369e+00
5.310760809446780861e+00
3.290305799303246292e+00
3.295335879295888670e+00
3.294241343022472623e+00
3.203141872077453822e+00
2.741433174205839762e+00
2.661302059763061667e+00
2.757753872608261769e+00
2.603552669505734940e+00
2.664329444363466415e+00
2.652924530646698642e+00
2.913792170404847059e+00
2.625737128626651540e+00
2.702899195335345173e+00
2.713030214149523278e+00
2.718011596721805923e+00
2.683663488701477640e+00
2.731214643784563023e+00
2.630323905502026438e+00
2.725179952017128482e+00
2.844355799053047917e+00
2.752085836621700921e+00
4.539583105775774285e+00
2.756643520934850766e+00
2.716505615100342386e+00
2.736686972457474276e+00
2.759831886484754637e+00
2.709507838310510230e+00
2.781560474688982154e+00
2.711528746119144184e+00
2.765131463503306186e+00
2.707291799666000198e+00
2.633624124266716215e+00
3.713668076591493783e+00
2.796025980321072968e+00
2.751128327359384063e+00
2.637767044039656561e+00
2.708825890606170184e+00
2.623372211825414357e+00
2.651919644727806169e+00
2.775527074135454075e+00
2.680265329076381597e+00
2.742301964639600076e+00
2.717295120146979492e+00
4.466690391466507926e+00
2.856329785168191471e+00
2.708584864583893026e+00
2.749699329048088448e+00
2.919940557796435687e+00
2.630867688495238443e+00
2.783163112840621345e+00
2.656507864435093236e+00
2.730536289021227248e+00
2.926594118173575509e+00
2.805857460889770838e+00
6.646516954047467785e+00
3.110732033729596946e+00
2.883850061921944707e+00
2.798071367271520060e+00
2.834249835294436970e+00
2.823583170787483887e+00
2.859689492560022916e+00
3.615003194634963446e+00
3.410692018182414298e+00
3.490808952826980782e+00
2.756584361230784541e+00
5.230117116195594384e+00
3.760721830218366701e+00
2.757447206943603124e+00
2.802441442927708692e+00
2.698878142230366706e+00
4.883454413289595841e+00
3.573730261771261851e+00
3.302438124821078347e+00
3.147155534779972896e+00
3.562689530160221274e+00
3.016371423978440713e+00
6.088712563209913498e+00
2.963586775470109735e+00
3.213845367873708003e+00
4.632392902469923968e+00
3.599639918902828750e+00
3.734002528529986709e+00
4.142717398034712062e+00
3.472824402807773936e+00
3.420761554970197516e+00
3.216272366611023337e+00
3.101847870513519734e+00
5.173824606255085001e+00
2.854703862457473651e+00
2.811939090395455754e+00
3.849919192966902326e+00
3.270320097253828440e+00
2.994427511400903796e+00
3.446931361683242212e+00
2.670609846378154462e+00
2.809077653574289624e+00
2.918313088497924035e+00
2.857478589454582885e+00
5.027082792407225220e+00
3.192297102544713994e+00
2.785515218562005124e+00
2.851642399640484715e+00
2.776843266215516692e+00
2.778585591961895140e+00
2.689616462456547730e+00
3.144609076132661940e+00
3.196722253450770879e+00
2.921667256042933314e+00
3.809592964368497370e+00
3.662370639675219586e+00
3.689737832468702905e+00
2.961222025343992481e+00
3.290313442367053032e+00
2.839518933508762721e+00
3.367454569182899426e+00
2.650213804082333091e+00
2.555364466387028521e+00
2.717150778636478137e+00
2.943820509642439465e+00
2.904905579222247791e+00
2.903527598785879515e+00
4.330735780739215279e+00
3.865462115273669674e+00
3.780655802330318505e+00
2.819998613459218983e+00
2.706283707904115321e+00
2.501788116963906017e+00
3.774745374837310763e+00
2.783182021607662815e+00
2.705458335206172737e+00
2.631845020780111177e+00
2.697777252192737230e+00
3.424718894854069884e+00
2.584393084316237044e+00
2.664480416887324843e+00
2.733775134685224373e+00
2.721751858100171173e+00
4.015643609009094561e+00
2.706016615582461871e+00
2.728791313513553085e+00
2.746074568061526389e+00
2.742039060906932502e+00
3.003566085946334230e+00
3.227380068894034615e+00
2.858508930171046458e+00
2.454485050646789901e+00
3.312697067319124056e+00
2.884993144887305405e+00
2.668502593912848386e+00
2.393338692900908171e+00
2.258796074260899012e+00
2.551684527823667725e+00
2.414101726018260230e+00
2.450209971696916789e+00
2.991712982135325216e+00
2.369353125910137692e+00
2.271304978260071827e+00
2.286971771999383840e+00
2.557941107588349361e+00
2.463597874024800571e+00
2.205646265757625901e+00
2.030834921577888696e+00
2.588059459787691363e+00
2.373331135878005593e+00
2.082868789414157096e+00
3.176093770990338960e+00
2.665493182135476147e+00
2.638463014953725150e+00
2.623931985693412461e+00
2.630794251317606580e+00
2.606068490068460530e+00
2.620873608669253674e+00
2.583923434934799701e+00
0.000000000000000000e+00
2.787659491297918901e+00
2.826143185532764335e+00
3.389979256804036556e+00
2.630608094330056268e+00
2.529450315230869162e+00
2.676986103717565513e+00
2.476045742918422832e+00
2.653359637328023712e+00
2.641731074659908529e+00
2.654877841214120071e+00
2.699388530575609568e+00
3.033204702010940057e+00
2.667199060433070201e+00
2.765239778054713771e+00
2.729052152769815276e+00
3.877893678828360446e+00
4.219409280681289509e+00
4.498692500896292579e+00
3.480564418703011142e+00
2.892930684462442947e+00
4.136395828623906645e+00
4.342762071856899553e+00
3.507857934213144624e+00
4.758100603527688932e+00
4.301204909440327739e+00
3.112713588246370566e+00
3.292554220139085164e+00
5.148378961552316113e+00
4.253704888345072987e+00
3.363725584088182341e+00
4.522866240042943353e+00
3.208225177270889628e+00
5.499148103411267030e+00
4.232307017861880460e+00
4.067426565899132207e+00
4.571902818896749210e+00
4.342458068264934745e+00
4.190468895105034619e+00
2.830345124751266983e+00
3.956032236039310757e+00
3.368756054102180819e+00
3.077627221005474478e+00
6.077503713569992527e+00
3.527269910605900449e+00
3.279195888426465366e+00
2.806636898530392443e+00
3.592438797426798835e+00
2.821505392278962354e+00
3.800611685594945222e+00
4.392357361206041588e+00
4.125271503574304610e+00
5.048272938891941841e+00
4.546360463255826545e+00
4.878229315662272469e+00
3.477505380688842074e+00
4.799632327540984456e+00
5.802654221352252506e+00
4.549968658052295112e+00
3.820076805338159964e+00
6.721741382028739942e+00
4.275728428873536657e+00
3.857358571350050447e+00
2.793611616971059863e+00
4.526492822181969800e+00
4.368031162076799312e+00
4.105194453427529311e+00
5.487938465136864785e+00
4.051377249990063767e+00
5.050773649144004729e+00
3.694319448833919495e+00
5.364653996028083682e+00
4.502411453252599394e+00
4.079459760506678023e+00
5.172512614655477847e+00
3.828373356197560362e+00
3.060957829058421620e+00
4.304725683133934666e+00
3.109329617587075045e+00
4.241931324556912131e+00
3.121144217237091123e+00
3.197540056990075374e+00
5.142597230877306025e+00
6.100977161178861685e+00
3.821093538871619177e+00
3.163332817899631610e+00
3.293263223877767043e+00
4.635576335702009665e+00
2.766594647717182998e+00
2.674023711122719860e+00
2.534232311583630715e+00
2.833382326997638145e+00
3.364704389646282046e+00
3.587871683057330507e+00
