3.888902369437642115e+00
5.209013560010308908e+00
2.836903229863354081e+00
3.314646788948925060e+00
3.255759214045490957e+00
4.029800179924234449e+00
4.268803044093154142e+00
4.870363933764739528e+00
3.552166873811189785e+00
2.988337438991374384e+00
4.189909247041469165e+00
3.835942654139078645e+00
5.423836943169250802e+00
3.341168773988890894e+00
3.338522147700321518e+00
3.351672834058939898e+00
3.252730197558058034e+00
2.743944938388147126e+00
2.643116874341961964e+00
2.768161659731184887e+00
2.599081492738425148e+00
2.662746392042386834e+00
2.628716986603666594e+00
2.939971608951228443e+00
2.617599826638827842e+00
2.693941685358892002e+00
2.724326163183244720e+00
2.717107966184907131e+00
2.683592695135257777e+00
2.736093854678319559e+00
2.621567166335176502e+00
2.727350826620766000e+00
2.863243085990456738e+00
2.760308178420586067e+00
4.640240825380836043e+00
2.764138393168849905e+00
2.717647845158954301e+00
2.742212213955329769e+00
2.765181257635557444e+00
2.707055075512345255e+00
2.793772438896305221e+00
2.707622207258232105e+00
2.773605312014467916e+00
2.708266959466485879e+00
2.628209428781283830e+00
3.791523216637226135e+00
2.811099344028360481e+00
2.757195543508240476e+00
2.630453387979025059e+00
2.707844087891337459e+00
2.613179641552286103e+00
2.644152508672116930e+00
2.784179311319478156e+00
2.671904005131632065e+00
2.737019837968000857e+00
2.718957742914435816e+00
4.566008898409515737e+00
2.858243329567539348e+00
2.689387019327651895e+00
2.748288372492695419e+00
2.946072499047318605e+00
2.603884448317794309e+00
2.790165107596330962e+00
2.647898426201377831e+00
2.734339453935450859e+00
2.948590726855371713e+00
2.811467452925565436e+00
6.770242290155454867e+00
3.149469739751508346e+00
2.898105881330524269e+00
2.805992195139430656e+00
2.829281105452344125e+00
2.832796871742301992e+00
2.879083518983980294e+00
3.679179657060226649e+00
3.463542826800565244e+00
3.552588071851559892e+00
2.737766878922979874e+00
5.342510188292747486e+00
3.833103707432636842e+00
2.745039928821108699e+00
2.805394890517558970e+00
2.683821227517619867e+00
4.991454474808906028e+00
3.643969157512062296e+00
3.361561632832913649e+00
3.197253369880988849e+00
3.631966992740188083e+00
3.055744749989639519e+00
6.207160867363993972e+00
2.991537810969466360e+00
3.255451821413035240e+00
4.708736104342731821e+00
3.666511531717532080e+00
3.798037539578850375e+00
4.221900746841664720e+00
3.532899277437747010e+00
3.466790209117620591e+00
3.251474373213115054e+00
3.105654573750634473e+00
5.281186708062763913e+00
2.858385101045113785e+00
2.818852963344059770e+00
3.917207169480406481e+00
3.311857452754607412e+00
3.024049236179084943e+00
3.505431957468284843e+00
2.667177171431716953e+00
2.822705652324647208e+00
2.931107917238936711e+00
2.879345817083614811e+00
5.139117397663737208e+00
3.245260593511203773e+00
2.796814386663514895e+00
2.872988455184929624e+00
2.766193163130881594e+00
2.789402056357274784e+00
2.674879181846857801e+00
3.191837783264569239e+00
3.246178987827734286e+00
2.945691199194112819e+00
3.871636476270367666e+00
3.720111290129396675e+00
3.767611100208000163e+00
2.947358973079941435e+00
3.320725643209607281e+00
2.837065756692804808e+00
3.427357501541837603e+00
2.635624631925487460e+00
2.508090103298230122e+00
2.690395911990628441e+00
2.970951662920386038e+00
2.933591923495055376e+00
2.927896620914905768e+00
4.424697968162814021e+00
3.939600437115572173e+00
3.852042800374242404e+00
2.839516528289893760e+00
2.703230397689728282e+00
2.452883093663147385e+00
3.857780630345652995e+00
2.790928118616741838e+00
2.680837201668462288e+00
2.592488027861680422e+00
2.685705582688726167e+00
3.488292689636488753e+00
2.531888041638656883e+00
2.634043159751017438e+00
2.698298807018836953e+00
2.671579424231569799e+00
4.104109304947794357e+00
2.700677371567638207e+00
2.727754639240383749e+00
2.755251434364633933e+00
2.750852728371544043e+00
3.045377564107506707e+00
3.275534037822971811e+00
2.836197842111495504e+00
2.403353755833142369e+00
3.368983591861202775e+00
2.910628442357115375e+00
2.601564140736558173e+00
2.353315508774980636e+00
2.098416968463286736e+00
2.476719963562963311e+00
2.245453379120081916e+00
2.302282854149895197e+00
3.028364573182527941e+00
2.167519004971591556e+00
2.021348238952550336e+00
0.000000000000000000e+00
2.489440727066631887e+00
2.335888334267425037e+00
2.152509397140243141e+00
1.555883880342081582e+00
2.562135589667005497e+00
2.163924540931320806e+00
2.051137052307096642e+00
3.226562860015600442e+00
2.657681320499990285e+00
2.619949803733647276e+00
2.598501937650184335e+00
2.610684184734061386e+00
2.573118234679678817e+00
2.595017710582699699e+00
2.562601016049980363e+00
2.286971771999383840e+00
2.720525963187581109e+00
2.794448431882605721e+00
3.454528997220951858e+00
2.575102649802192722e+00
2.442104281120539344e+00
2.657360470320561774e+00
2.362634711168575041e+00
2.649418602114094412e+00
2.630153653770794797e+00
2.649692268854441757e+00
2.702652326255828630e+00
3.035726923401165678e+00
2.661415534177846265e+00
2.776677099878472443e+00
2.730551858989043623e+00
3.963782871393254581e+00
4.313160313509485810e+00
4.600268314901441613e+00
3.552069764850966038e+00
2.918658907607337927e+00
4.231645393404456890e+00
4.440854056812598927e+00
3.581191658861567984e+00
4.864568164105072867e+00
4.398707570172038395e+00
3.159819009992922201e+00
3.351830574732022949e+00
5.259076369171877374e+00
4.351157583719138522e+00
3.429329679258601882e+00
4.622798134142568571e+00
3.262356888842170566e+00
5.613004529478209825e+00
4.324709593699624044e+00
4.158003261473242951e+00
4.674701442653963923e+00
4.439186439267678530e+00
4.284459568948705943e+00
2.847186208137554075e+00
4.045460190257857747e+00
3.429294727320386649e+00
3.122710461121755987e+00
6.195287072954704044e+00
3.600981967401481132e+00
3.335592162002874783e+00
2.819852346862050663e+00
3.665501707517377028e+00
2.836770621483210242e+00
3.882970774832711580e+00
4.491321129709739957e+00
4.212502019927940822e+00
5.159617696005866172e+00
4.645962010691879307e+00
4.984892905394078255e+00
3.543679718973208992e+00
4.903553133526913577e+00
5.917762283907526566e+00
4.648256641181720106e+00
3.902685566158594188e+00
6.844127311561238436e+00
4.371318306979228296e+00
3.926394832766000764e+00
2.809720969457659479e+00
4.627603788533350304e+00
4.464339976985972847e+00
4.199639926743993001e+00
5.602241629988906624e+00
4.142189431939621080e+00
5.159807455507828600e+00
3.761521483062269411e+00
5.478170777654068679e+00
4.603201542648630351e+00
4.170867171564831111e+00
5.284458446206979687e+00
3.911161746770510650e+00
3.105633588012999269e+00
4.401483091770643341e+00
3.152929747267835481e+00
4.341778723077715618e+00
3.164722504441348949e+00
3.249174547029916926e+00
5.251684484484918869e+00
6.221552142656108231e+00
3.904246618709143135e+00
3.214404160754407602e+00
3.353314956989679185e+00
4.740642302214713943e+00
2.772044283808931198e+00
2.667330034377620063e+00
2.497444659378734055e+00
2.848254168693388433e+00
3.425078776846275819e+00
3.647872856180466528e+00
